0 1
0 404
1 8
1 9
1 199
1 222
1 223
1 413
2 3
2 269
2 284
2 485
3 4
3 268
3 284
4 5
4 283
5 6
5 12
5 15
5 282
6 7
6 295
7 19
8 197
8 409
9 269
9 270
9 487
9 501
10 11
11 12
12 13
12 284
13 14
14 15
15 16
16 17
17 18
18 19
20 21
20 186
21 22
21 307
22 23
22 304
22 393
22 450
23 24
24 25
24 200
24 201
24 304
24 399
24 400
24 405
25 26
26 27
27 28
27 400
27 405
27 406
28 29
28 35
28 36
28 199
28 223
28 224
29 30
30 31
30 412
31 32
31 245
31 413
31 470
32 33
32 52
32 246
32 414
33 34
33 53
34 35
34 245
34 305
35 36
35 305
36 37
36 270
36 419
37 38
38 39
38 305
39 40
39 271
40 41
41 42
41 271
41 272
41 430
42 65
42 272
42 285
43 44
43 188
43 199
43 386
44 45
44 187
44 188
44 451
45 46
46 47
47 48
47 313
47 393
48 49
48 202
48 203
48 306
48 309
49 50
49 205
49 225
49 314
49 403
50 51
51 52
51 315
51 412
52 471
53 54
54 55
54 246
55 56
56 57
57 58
58 59
59 60
60 61
60 271
60 272
60 273
60 422
61 62
62 63
62 308
63 64
63 86
63 87
64 65
64 432
65 114
65 530
66 67
67 68
67 312
68 69
69 70
70 71
71 72
72 97
72 309
72 323
73 74
74 75
74 313
75 76
76 77
76 314
76 315
76 317
77 78
77 226
77 335
77 415
78 79
78 104
78 317
78 318
78 337
78 472
78 476
79 80
79 256
80 81
80 488
81 82
81 253
81 254
81 255
81 474
82 83
83 84
83 423
84 85
85 86
86 109
86 273
87 88
88 89
88 110
88 111
89 90
90 91
91 92
91 531
92 93
92 531
93 94
93 534
94 95
94 533
96 97
96 323
96 387
97 98
97 125
97 127
97 193
97 332
97 447
98 99
98 394
99 100
99 210
99 211
100 101
101 102
101 134
101 135
101 227
101 329
101 348
102 103
103 104
103 257
103 258
103 417
104 105
104 256
104 257
104 489
105 106
105 342
105 424
105 425
106 107
107 108
108 109
108 274
109 110
111 112
112 113
112 435
113 114
114 115
115 116
115 532
116 117
116 289
117 289
118 119
118 290
119 120
120 121
120 163
122 123
123 124
124 125
124 389
125 126
126 127
127 128
127 194
128 129
129 130
129 211
129 212
129 394
130 131
131 132
132 133
133 134
133 348
133 466
135 136
135 259
136 137
136 228
136 259
136 467
136 468
137 138
137 169
137 170
137 259
137 367
137 479
138 139
139 140
140 141
141 142
142 143
142 144
142 350
143 144
144 145
144 276
144 277
144 340
145 146
145 351
146 147
146 274
146 505
147 148
147 351
148 149
148 150
149 150
149 535
150 151
150 152
150 508
151 152
151 516
152 153
152 176
152 535
153 154
153 177
153 178
154 155
155 156
157 158
158 159
158 181
158 290
159 160
159 161
159 182
159 438
159 439
160 161
161 162
161 183
161 540
164 165
164 362
164 363
164 391
165 166
165 194
166 167
167 168
167 195
167 212
168 169
168 215
168 216
168 469
169 467
170 171
170 481
171 172
171 261
171 262
171 349
171 350
171 352
171 367
172 173
172 428
173 174
173 500
174 175
175 176
175 277
175 278
175 510
176 177
176 280
176 286
177 536
178 179
179 180
180 181
181 182
181 379
184 185
184 448
185 195
185 344
186 187
188 189
188 440
189 190
190 191
191 313
192 193
193 324
194 195
194 212
195 196
195 363
195 364
195 458
197 198
197 392
197 460
198 199
199 200
200 453
201 202
201 400
201 465
202 454
203 204
204 205
204 313
204 314
204 407
205 206
206 207
207 208
208 209
209 210
209 332
209 333
210 325
212 213
212 345
213 214
214 215
216 217
216 364
216 365
217 218
217 364
217 455
218 219
219 220
220 233
220 458
221 222
222 238
222 239
222 409
223 398
223 405
223 409
224 225
224 406
225 226
227 329
227 330
227 336
228 229
228 477
229 230
229 457
230 231
230 232
230 349
230 367
231 232
232 233
233 234
233 380
235 236
236 237
237 238
237 418
238 239
239 301
240 241
241 242
242 243
242 304
243 244
244 245
246 247
247 248
247 316
248 249
249 250
249 319
250 251
250 318
251 252
251 254
251 255
252 253
257 338
257 417
258 259
259 260
259 331
259 339
260 261
262 263
263 264
263 478
264 265
264 369
264 370
264 381
264 428
265 266
265 382
265 482
266 383
267 268
267 291
268 526
269 302
269 303
270 502
271 504
272 273
274 275
274 276
275 276
276 340
276 343
278 279
279 280
279 428
280 281
281 373
281 374
282 283
282 292
282 293
284 285
285 429
286 377
286 378
286 536
287 288
288 289
288 534
290 438
292 436
293 294
294 295
296 297
296 408
297 483
297 484
298 299
299 300
300 526
301 302
304 392
305 420
309 386
309 444
309 445
310 311
311 312
315 316
315 317
317 318
318 414
319 320
321 322
322 323
324 325
324 462
325 326
325 334
326 327
327 328
328 329
328 411
329 466
330 331
330 475
333 334
334 335
335 410
335 411
336 337
338 490
339 340
339 341
339 425
339 426
340 341
342 343
343 491
344 360
344 388
345 346
346 347
347 348
348 467
349 368
352 353
353 354
354 355
354 500
355 356
356 357
357 358
357 499
357 508
358 359
360 361
360 448
360 449
361 362
365 366
366 367
368 369
370 371
371 372
371 384
371 428
372 373
375 376
376 377
377 385
378 379
380 381
381 382
383 384
386 440
387 446
389 390
390 391
392 463
395 396
396 397
397 398
398 399
398 464
400 401
401 402
402 403
404 405
406 407
408 409
408 459
415 416
416 417
417 476
418 419
420 421
421 422
423 424
425 491
426 427
429 430
431 432
433 434
434 435
436 437
436 518
436 519
437 520
440 441
441 442
443 444
446 447
450 451
450 452
453 454
455 456
456 457
460 461
461 462
467 469
472 473
473 474
479 480
480 481
484 485
485 486
488 489
492 493
493 494
494 495
495 496
496 497
497 498
498 499
498 507
501 503
505 506
508 509
509 510
510 511
510 516
511 512
512 513
513 514
514 515
517 518
519 527
520 521
521 522
521 529
522 523
523 524
524 525
528 529
531 532
537 538
538 539
539 540
